


       MORTGAGE AMORTIZATION TABLE

Amount:                 $  500,000.00
Interest Rate:          7%
Term(Years):            15
Monthly Payment:        $    4,494.14
Additional Principal:   $      350.00
Actual Payment:         $    4,844.14

         Principal          Interest           Balance
1     $    1,927.47     $    2,916.66     $  498,072.52
2          1,938.71          2,905.42        496,133.80
3          1,950.02          2,894.11        494,183.77
4          1,961.40          2,882.73        492,222.37
5          1,972.84          2,871.29        490,249.53
6          1,984.35          2,859.78        488,265.18
7          1,995.92          2,848.21        486,269.25
8          2,007.57          2,836.57        484,261.68
9          2,019.28          2,824.85        482,242.40
10         2,031.06          2,813.08        480,211.33
11         2,042.90          2,801.23        478,168.43
12         2,054.82          2,789.31        476,113.60
13         2,066.81          2,777.32        474,046.79
14         2,078.86          2,765.27        471,967.92
15         2,090.99          2,753.14        469,876.93
16         2,103.19          2,740.94        467,773.73
17         2,115.46          2,728.68        465,658.27
18         2,127.80          2,716.33        463,530.47
19         2,140.21          2,703.92        461,390.26
20         2,152.69          2,691.44        459,237.56
21         2,165.25          2,678.88        457,072.30
22         2,177.88          2,666.25        454,894.42
23         2,190.59          2,653.55        452,703.83
24         2,203.36          2,640.77        450,500.46
25         2,216.22          2,627.91        448,284.23
26         2,229.14          2,614.99        446,055.08
27         2,242.15          2,601.98        443,812.93
28         2,255.23          2,588.90        441,557.70
29         2,268.38          2,575.75        439,289.31
30         2,281.62          2,562.52        437,007.69
31         2,294.92          2,549.21        434,712.76
32         2,308.31          2,535.82        432,404.44
33         2,321.78          2,522.35        430,082.66
34         2,335.32          2,508.81        427,747.34
35         2,348.94          2,495.19        425,398.39
36         2,362.65          2,481.49        423,035.74
37         2,376.43          2,467.70        420,659.30
38         2,390.29          2,453.84        418,269.01
39         2,404.23          2,439.90        415,864.77
40         2,418.26          2,425.87        413,446.51
41         2,432.37          2,411.77        411,014.14
42         2,446.55          2,397.58        408,567.58
43         2,460.83          2,383.31        406,106.75
44         2,475.18          2,368.95        403,631.56
45         2,489.62          2,354.51        401,141.94
46         2,504.14          2,339.99        398,637.79
47         2,518.75          2,325.38        396,119.04
48         2,533.44          2,310.69        393,585.59
49         2,548.22          2,295.91        391,037.36
50         2,563.09          2,281.05        388,474.27
51         2,578.04          2,266.09        385,896.23
52         2,593.07          2,251.06        383,303.15
53         2,608.20          2,235.93        380,694.95
54         2,623.42          2,220.72        378,071.53
55         2,638.72          2,205.41        375,432.80
56         2,654.11          2,190.02        372,778.69
57         2,669.59          2,174.54        370,109.09
58         2,685.17          2,158.96        367,423.91
59         2,700.83          2,143.30        364,723.08
60         2,716.59          2,127.55        362,006.49
61         2,732.43          2,111.70        359,274.05
62         2,748.37          2,095.76        356,525.68
63         2,764.40          2,079.73        353,761.27
64         2,780.53          2,063.60        350,980.73
65         2,796.75          2,047.38        348,183.98
66         2,813.06          2,031.07        345,370.91
67         2,829.47          2,014.66        342,541.43
68         2,845.98          1,998.15        339,695.45
69         2,862.58          1,981.55        336,832.87
70         2,879.28          1,964.85        333,953.58
71         2,896.07          1,948.06        331,057.51
72         2,912.97          1,931.16        328,144.53
73         2,929.96          1,914.17        325,214.57
74         2,947.05          1,897.08        322,267.51
75         2,964.24          1,879.89        319,303.26
76         2,981.53          1,862.60        316,321.73
77         2,998.93          1,845.21        313,322.79
78         3,016.42          1,827.71        310,306.37
79         3,034.02          1,810.12        307,272.35
80         3,051.71          1,792.42        304,220.63
81         3,069.52          1,774.62        301,151.11
82         3,087.42          1,756.71        298,063.68
83         3,105.43          1,738.70        294,958.24
84         3,123.55          1,720.58        291,834.69
85         3,141.77          1,702.36        288,692.92
86         3,160.09          1,684.04        285,532.82
87         3,178.53          1,665.60        282,354.29
88         3,197.07          1,647.06        279,157.21
89         3,215.72          1,628.41        275,941.49
90         3,234.48          1,609.65        272,707.01
91         3,253.35          1,590.79        269,453.66
92         3,272.32          1,571.81        266,181.33
93         3,291.41          1,552.72        262,889.91
94         3,310.61          1,533.52        259,579.29
95         3,329.92          1,514.21        256,249.37
96         3,349.35          1,494.78        252,900.01
97         3,368.89          1,475.25        249,531.12
98         3,388.54          1,455.59        246,142.58
99         3,408.30          1,435.83        242,734.27
100        3,428.19          1,415.94        239,306.08
101        3,448.18          1,395.95        235,857.89
102        3,468.30          1,375.83        232,389.58
103        3,488.53          1,355.60        228,901.05
104        3,508.88          1,335.25        225,392.16
105        3,529.35          1,314.78        221,862.81
106        3,549.94          1,294.19        218,312.87
107        3,570.64          1,273.49        214,742.22
108        3,591.47          1,252.66        211,150.74
109        3,612.42          1,231.71        207,538.31
110        3,633.50          1,210.64        203,904.81
111        3,654.69          1,189.44        200,250.11
112        3,676.01          1,168.12        196,574.10
113        3,697.45          1,146.68        192,876.64
114        3,719.02          1,125.11        189,157.61
115        3,740.72          1,103.41        185,416.89
116        3,762.54          1,081.59        181,654.35
117        3,784.49          1,059.65        177,869.86
118        3,806.56          1,037.57        174,063.29
119        3,828.77          1,015.36        170,234.52
120        3,851.10            993.03        166,383.41
121        3,873.57            970.56        162,509.84
122        3,896.16            947.97        158,613.67
123        3,918.89            925.24        154,694.78
124        3,941.75            902.38        150,753.02
125        3,964.74            879.39        146,788.27
126        3,987.87            856.26        142,800.40
127        4,011.13            833.00        138,789.26
128        4,034.53            809.60        134,754.72
129        4,058.07            786.06        130,696.65
130        4,081.74            762.39        126,614.90
131        4,105.55            738.58        122,509.35
132        4,129.50            714.63        118,379.85
133        4,153.59            690.54        114,226.25
134        4,177.82            666.31        110,048.43
135        4,202.19            641.94        105,846.24
136        4,226.70            617.43        101,619.53
137        4,251.36            592.78         97,368.17
138        4,276.16            567.98         93,092.01
139        4,301.10            543.03         88,790.91
140        4,326.19            517.94         84,464.71
141        4,351.43            492.71         80,113.28
142        4,376.81            467.32         75,736.47
143        4,402.34            441.79         71,334.13
144        4,428.02            416.11         66,906.10
145        4,453.85            390.28         62,452.24
146        4,479.83            364.30         57,972.41
147        4,505.96            338.17         53,466.44
148        4,532.25            311.88         48,934.18
149        4,558.69            285.44         44,375.49
150        4,585.28            258.85         39,790.21
151        4,612.03            232.10         35,178.18
152        4,638.93            205.20         30,539.24
153        4,665.99            178.14         25,873.25
154        4,693.21            150.92         21,180.03
155        4,720.59            123.55         16,459.44
156        4,748.12             96.01         11,711.31
157        4,775.82             68.31          6,935.49
158        4,803.68             40.45          2,131.80
159        2,131.80             12.43              0.00
